650
642
613
583
554
528
503
480
458
436
415
618
636
644
648
650
651
626
597
567
540
515
490
467
444
426
615
635
645
648
650
651
639
609
580
553
527
500
477
455
434
414
618
638
645
647
649
651
623
594
566
539
512
487
465
443
423
619
639
645
648
650
651
683
656
626
596
567
539
514
488
467
443
622
637
646
649
649
623
595
569
541
515
491
469
447
427
619
638
645
649
650
651
638
609
580
552
525
499
475
453
433
413
615
636
645
654
655
655
626
596
567
540
515
489
467
444
424
618
638
645
648
721
656
637
605
578
550
523
498
475
454
432
413
640
638
646
648
650
647
618
589
560
534
508
484
462
440
420
620
638
642
649
650
651
631
602
573
544
519
493
471
449
429
409
620
637
645
647
650
643
614
585
557
530
504
480
458
436
418
621
637
654
649
650
651
627
599
571
544
517
492
470
448
428
621
637
643
647
650
651
640
611
582
554
524
502
479
457
434
414
619
636
643
648
650
651
624
595
566
538
511
488
465
444
424
615
634
646
648
650
651
636
607
577
550
524
498
475
453
432
412
660
639
645
645
650
649
620
591
561
534
509
485
463
442
421
619
637
645
648
650
651
632
605
575
547
522
497
474
452
432
412
633
636
642
649
649
645
617
587
559
532
506
483
460
439
419
617
637
645
646
650
650
629
599
570
542
515
492
470
448
428
553
635
644
647
650
651
641
613
584
556
530
503
478
457
436
416
619
638
691
652
652
652
626
597
569
540
515
491
469
448
427
620
633
645
648
649
651
635
610
580
552
525
500
477
455
431
414
615
634
644
646
650
651
622
593
564
537
511
487
464
443
423
620
638
645
649
649
649
635
606
577
550
522
496
473
452
432
412
643
640
643
649
650
647
618
589
562
534
508
484
462
440
419
621
637
646
648
650
651
633
605
575
549
523
498
476
454
432
412
621
637
645
649
649
643
614
584
557
529
505
481
459
438
417
613
633
646
649
650
651
627
598
570
541
517
491
469
445
426
620
638
645
649
650
650
640
611
582
554
527
500
477
457
436
413
620
637
730
656
653
652
624
596
568
540
513
489
466
445
425
621
638
644
648
650
651
636
607
577
551
524
499
476
453
433
412
618
637
646
649
650
649
620
591
563
535
509
485
463
442
421
615
638
645
648
650
651
632
603
574
546
518
496
473
450
429
409
633
638
644
647
650
646
617
588
559
532
506
482
461
439
418
617
638
643
648
650
651
630
602
573
545
517
495
472
450
429
520
628
643
647
649
651
642
611
583
557
527
504
478
457
436
416
620
638
645
648
648
651
626
597
568
541
514
490
468
447
426
622
637
645
649
650
651
638
609
580
553
524
501
477
455
434
414
619
638
644
649
650
651
622
593
565
538
513
489
466
444
424
621
637
646
649
650
651
634
606
576
549
522
497
474
452
431
411
652
645
648
652
651
648
619
590
561
534
509
484
462
440
420
620
637
645
647
649
651
630
602
573
546
519
495
472
450
429
410
656
640
646
649
650
644
612
587
558
531
505
481
459
439
419
621
634
643
648
650
686
630
601
572
544
519
494
471
449
428
619
638
645
648
650
650
642
611
584
555
529
503
479
457
436
417
619
638
645
648
650
650
624
595
567
540
513
488
466
444
423
619
638
645
648
650
650
635
607
578
551
524
499
476
454
432
413
615
636
644
648
650
650
621
593
563
537
511
487
465
443
423
621
636
645
649
650
651
632
604
573
547
521
496
473
450
430
410
634
639
646
648
649
646
617
588
559
532
507
481
459
440
419
622
637
645
648
650
651
629
600
571
543
516
493
468
448
427
482
624
639
645
649
651
641
612
584
557
530
505
482
459
438
416
619
637
645
649
650
723
675
644
612
583
554
527
502
479
454
681
643
649
650
650
646
617
588
560
533
508
484
462
440
420
620
638
645
647
649
650
629
600
571
543
516
492
469
449
428
586
638
644
648
650
650
640
611
584
556
528
503
479
456
435
416
619
638
643
649
660
652
625
597
569
541
515
489
468
447
427
620
637
643
649
650
651
637
610
580
551
525
500
475
454
433
414
613
638
644
648
650
651
622
592
563
537
512
486
464
442
423
621
638
645
649
650
649
634
605
576
548
522
497
472
452
431
411
639
638
645
647
650
647
619
590
562
534
509
483
463
440
422
622
634
643
649
650
651
631
600
573
544
519
494
471
449
428
409
618
637
645
649
649
641
614
584
557
530
505
481
457
437
416
621
637
645
648
649
651
625
598
570
541
515
491
468
446
424
621
635
645
648
650
651
639
610
580
553
527
501
479
453
434
413
616
636
645
648
696
655
626
596
567
540
514
489
467
444
425
614
635
645
649
650
651
636
606
577
549
522
499
475
453
432
413
659
639
645
648
650
648
618
590
561
535
509
485
461
441
421
619
637
645
648
649
650
633
603
576
546
521
496
472
450
430
408
629
634
645
648
650
645
617
588
560
533
507
484
461
440
420
620
636
644
648
649
650
629
600
571
543
517
491
470
448
427
548
632
644
648
648
649
640
613
584
556
528
503
480
457
436
416
621
638
645
647
652
651
626
596
568
540
513
489
467
445
424
621
637
644
649
649
651
638
609
581
552
525
501
476
453
432
414
622
639
648
651
736
659
626
595
566
538
513
489
466
444
424
621
638
645
648
650
650
634
605
577
549
522
497
474
453
431
412
650
639
646
649
650
647
618
589
561
534
506
484
461
440
419
618
636
642
647
650
651
630
601
573
544
519
494
472
449
429
409
625
637
666
650
650
644
615
587
557
531
506
482
460
439
418
613
634
645
648
650
651
627
598
569
542
516
491
468
447
426
621
637
646
649
650
650
640
611
582
554
527
500
478
455
435
415
618
638
644
648
649
651
624
594
567
539
512
488
466
444
424
620
637
643
649
650
651
637
607
578
550
524
499
476
453
432
412
617
641
646
649
650
649
621
592
564
537
511
487
464
443
423
615
636
645
646
650
651
633
604
575
547
520
493
473
449
430
410
632
638
646
648
654
646
617
588
559
532
506
482
460
439
419
619
636
645
649
650
651
628
601
571
544
516
493
470
448
427
509
627
641
703
654
652
643
614
585
557
531
505
480
459
438
418
620
638
645
648
649
650
626
597
568
540
514
490
466
444
425
623
637
645
648
650
651
638
609
581
554
526
500
477
455
433
413
621
637
643
649
650
651
622
593
564
536
511
487
464
443
422
619
637
645
648
650
651
634
604
576
548
522
497
473
451
430
411
646
637
645
649
650
648
619
589
562
536
510
486
464
442
421
618
637
646
647
650
651
631
602
574
545
518
494
472
450
429
409
623
637
645
648
649
644
615
586
557
530
505
481
459
437
417
617
635
645
648
650
651
627
598
570
542
516
491
468
446
426
622
639
645
649
650
650
640
612
584
555
529
503
480
457
436
417
621
637
644
648
650
651
624
594
567
540
513
489
466
444
424
621
637
645
648
650
651
637
608
579
550
524
498
476
454
433
413
618
637
645
648
649
648
621
591
563
535
510
486
462
440
420
614
664
647
650
650
651
633
604
574
548
523
498
474
452
432
411
634
637
645
648
650
686
